stn;time;tre200s0;ure200s0;sre000z0;fu3010z0;dkl010z0
BER;202412110000;1.5;82.3;0;8.3;32
BER;202412110010;1.3;83.6;0;5.8;37
BER;202412110020;1.4;83.8;0;6.8;40
BER;202412110030;1.4;83.4;0;7.6;33
BER;202412110040;1.3;84.6;0;6.5;35
BER;202412110050;1.4;82.5;0;7.9;44
BER;202412110100;1.4;83.0;0;6.5;46
BER;202412110110;1.2;85.1;0;5.8;38
BER;202412110120;1.2;85.2;0;5.0;37
BER;202412110130;1.3;84.1;0;6.1;39
BER;202412110140;1.3;84.1;0;5.8;33
BER;202412110150;1.3;85.5;0;5.4;37
BER;202412110200;1.3;83.9;0;5.8;29
BER;202412110210;1.4;82.7;0;6.8;25
BER;202412110220;1.2;84.9;0;5.4;35
BER;202412110230;1.3;82.9;0;5.4;40
BER;202412110240;1.3;81.5;0;5.4;43
BER;202412110250;1.3;82.6;0;6.1;33
BER;202412110300;1.2;83.4;0;6.1;32
BER;202412110310;1.2;83.1;0;5.8;38
BER;202412110320;1.2;83.7;0;6.8;33
BER;202412110330;1.2;83.4;0;5.8;39
BER;202412110340;1.1;85.2;0;5.8;32
BER;202412110350;1.2;82.8;0;6.1;38
BER;202412110400;1.3;81.8;0;6.1;46
BER;202412110410;1.1;84.9;0;5.4;32
BER;202412110420;1.1;84.7;0;5.4;44
BER;202412110430;1.1;84.3;0;6.1;34
BER;202412110440;1.2;83.2;0;6.1;37
BER;202412110450;1.1;85.1;0;4.7;40
BER;202412110500;1.1;84.7;0;5.0;39
BER;202412110510;1.1;85.8;0;6.5;28
BER;202412110520;1.1;84.2;0;6.8;37
BER;202412110530;1.2;84.3;0;6.1;38
BER;202412110540;1.1;85.0;0;6.1;37
BER;202412110550;1.2;83.0;0;6.1;40
BER;202412110600;1.1;84.3;0;5.4;40
BER;202412110610;1.0;86.1;0;5.0;36
BER;202412110620;1.0;86.2;0;5.4;29
BER;202412110630;1.1;84.5;0;4.7;32
BER;202412110640;1.2;82.8;0;2.5;53
BER;202412110650;1.1;83.7;0;2.9;37
BER;202412110700;1.2;84.0;0;2.5;33
BER;202412110710;1.1;84.1;0;2.9;38
BER;202412110720;1.1;84.0;0;3.2;27
BER;202412110730;1.1;84.7;0;3.2;27
BER;202412110740;1.1;85.6;0;3.6;27
BER;202412110750;1.1;85.0;0;3.2;41
BER;202412110800;1.1;85.4;0;4.7;30
BER;202412110810;1.2;83.1;0;3.2;43
BER;202412110820;1.3;81.6;0;2.9;42
BER;202412110830;1.3;81.8;0;3.2;42
BER;202412110840;1.3;81.8;0;3.2;31
BER;202412110850;1.4;81.7;0;5.4;26
BER;202412110900;1.4;82.8;0;5.0;35
BER;202412110910;1.4;82.0;0;3.2;37
BER;202412110920;1.5;81.8;0;4.0;42
BER;202412110930;1.5;81.8;0;4.3;36
BER;202412110940;1.5;80.6;0;5.8;28
BER;202412110950;1.7;78.6;0;6.5;28
BER;202412111000;1.7;77.6;0;6.1;37
BER;202412111010;1.7;78.5;0;4.3;45
BER;202412111020;1.7;76.4;0;5.4;41
BER;202412111030;1.7;76.7;0;5.0;80
BER;202412111040;1.8;76.5;0;3.2;60
BER;202412111050;1.8;76.9;0;3.2;55
BER;202412111100;1.9;77.4;0;5.0;47
BER;202412111110;2.0;78.3;0;4.7;53
BER;202412111120;1.9;75.1;0;6.5;37
BER;202412111130;1.9;75.6;0;4.7;47
BER;202412111140;2.0;76.1;0;5.4;44
BER;202412111150;2.0;76.9;0;7.2;31
BER;202412111200;1.9;77.0;0;8.3;29
BER;202412111210;1.9;75.3;0;7.6;47
BER;202412111220;1.9;74.1;0;5.4;52
BER;202412111230;2.0;75.6;0;2.5;42
BER;202412111240;2.0;76.4;0;2.5;48
BER;202412111250;1.9;74.6;0;2.2;73
BER;202412111300;2.1;78.2;0;3.2;81
BER;202412111310;2.0;77.0;0;4.3;52
BER;202412111320;2.0;78.4;0;5.4;47
BER;202412111330;2.0;78.5;0;4.7;38
BER;202412111340;1.9;76.1;0;5.8;40
BER;202412111350;2.0;75.3;0;5.0;53
BER;202412111400;2.0;76.8;0;4.3;41
BER;202412111410;1.9;78.2;0;4.7;34
BER;202412111420;1.9;76.2;0;5.4;35
BER;202412111430;1.9;76.9;0;6.8;29
BER;202412111440;1.9;79.4;0;6.1;36
BER;202412111450;1.8;73.6;0;4.7;45
BER;202412111500;1.8;79.0;0;5.0;35
BER;202412111510;1.7;77.7;0;6.8;28
BER;202412111520;1.8;76.4;0;5.4;54
BER;202412111530;1.7;77.6;0;3.2;84
BER;202412111540;1.8;76.1;0;2.5;62
BER;202412111550;1.5;80.0;0;4.7;32
BER;202412111600;1.5;81.1;0;4.3;39
BER;202412111610;1.4;80.5;0;3.6;42
BER;202412111620;1.5;80.2;0;2.2;39
BER;202412111630;1.4;81.9;0;4.0;32
BER;202412111640;1.5;79.4;0;6.5;35
BER;202412111650;1.5;78.6;0;6.5;32
BER;202412111700;1.4;80.1;0;4.7;50
BER;202412111710;1.3;80.1;0;5.4;33
BER;202412111720;1.3;83.3;0;5.4;29
BER;202412111730;1.2;83.8;0;5.0;32
BER;202412111740;1.2;82.7;0;5.0;26
BER;202412111750;1.2;82.3;0;4.7;30
BER;202412111800;1.2;81.9;0;6.5;19
BER;202412111810;1.1;81.8;0;5.4;30
BER;202412111820;1.2;80.8;0;4.3;40
BER;202412111830;1.1;82.0;0;5.8;43
BER;202412111840;1.1;82.4;0;6.5;16
BER;202412111850;1.0;82.4;0;4.7;25
BER;202412111900;1.0;82.7;0;6.5;29
BER;202412111910;1.0;82.5;0;7.6;18
BER;202412111920;1.1;80.7;0;6.5;24
BER;202412111930;1.0;82.8;0;6.5;30
BER;202412111940;1.1;81.2;0;6.5;11
BER;202412111950;0.9;83.2;0;5.8;18
BER;202412112000;1.0;81.9;0;6.1;13
BER;202412112010;0.9;83.5;0;6.8;16
BER;202412112020;0.9;80.7;0;6.5;38
BER;202412112030;0.8;84.2;0;6.1;29
BER;202412112040;1.0;80.8;0;5.8;42
BER;202412112050;0.9;82.9;0;5.4;19
BER;202412112100;0.9;80.3;0;6.5;26
BER;202412112110;0.8;83.5;0;5.4;29
BER;202412112120;1.0;77.5;0;4.0;12
BER;202412112130;0.9;79.8;0;6.1;26
BER;202412112140;0.8;81.4;0;4.7;36
BER;202412112150;0.9;81.1;0;5.8;34
BER;202412112200;0.9;79.8;0;5.8;40
BER;202412112210;0.9;80.1;0;5.0;47
BER;202412112220;0.9;78.2;0;5.4;40
BER;202412112230;0.9;78.5;0;4.0;33
BER;202412112240;0.8;81.2;0;5.0;41
BER;202412112250;0.8;81.3;0;5.0;39
BER;202412112300;0.8;82.4;0;4.7;31
BER;202412112310;0.9;79.4;0;6.1;24
BER;202412112320;0.9;78.6;0;6.8;39
BER;202412112330;0.9;78.1;0;5.8;45
BER;202412112340;0.8;79.1;0;5.8;51
BER;202412112350;0.8;80.1;0;6.1;43
BER;202412120000;0.8;78.9;0;5.8;52
BER;202412120010;0.7;79.6;0;5.4;60
BER;202412120020;0.9;76.4;0;5.0;34
BER;202412120030;0.9;76.2;0;6.5;41
BER;202412120040;0.8;77.5;0;6.1;43
BER;202412120050;0.9;76.1;0;5.4;39
BER;202412120100;0.9;74.6;0;7.2;28
BER;202412120110;0.8;73.8;0;6.1;54
BER;202412120120;0.8;73.9;0;5.0;84
BER;202412120130;0.8;75.5;0;5.0;84
BER;202412120140;0.8;75.2;0;3.6;91
BER;202412120150;0.8;75.4;0;4.0;52
BER;202412120200;0.7;76.7;0;2.9;340
BER;202412120210;0.7;76.3;0;4.3;32
BER;202412120220;0.6;79.0;0;4.3;48
BER;202412120230;0.6;77.5;0;3.6;50
BER;202412120240;0.6;78.5;0;4.0;25
BER;202412120250;0.6;79.0;0;3.6;44
BER;202412120300;0.6;79.4;0;4.0;57
BER;202412120310;0.6;75.9;0;6.1;60
BER;202412120320;0.6;76.7;0;2.5;27
BER;202412120330;0.5;79.1;0;2.5;28
BER;202412120340;0.4;80.7;0;2.2;39
BER;202412120350;0.5;80.4;0;2.9;30
BER;202412120400;0.5;78.7;0;3.6;37
BER;202412120410;0.5;79.1;0;2.9;315
BER;202412120420;0.5;80.7;0;0.7;189
BER;202412120430;0.4;78.3;0;2.9;33
BER;202412120440;0.4;80.3;0;1.1;16
BER;202412120450;0.3;83.6;0;2.2;33
BER;202412120500;0.2;85.2;0;1.8;15
BER;202412120510;0.3;83.4;0;2.9;18
BER;202412120520;0.4;78.7;0;3.6;27
BER;202412120530;0.4;81.0;0;2.9;20
BER;202412120540;0.5;79.1;0;1.8;22
BER;202412120550;0.4;82.7;0;1.4;20
BER;202412120600;0.5;76.1;0;3.6;291
BER;202412120610;0.4;77.8;0;2.5;354
BER;202412120620;0.5;79.1;0;1.8;19
BER;202412120630;0.4;80.7;0;3.2;359
BER;202412120640;0.4;81.9;0;3.6;357
BER;202412120650;0.5;77.2;0;3.2;335
BER;202412120700;0.3;82.4;0;2.9;351
BER;202412120710;0.4;79.0;0;2.9;25
BER;202412120720;0.4;78.7;0;3.2;25
BER;202412120730;0.4;79.1;0;2.9;38
BER;202412120740;0.5;76.2;0;2.2;109
BER;202412120750;0.4;79.2;0;1.4;27
BER;202412120800;0.5;80.2;0;0.7;22
BER;202412120810;0.4;77.9;0;1.1;19
BER;202412120820;0.3;79.1;0;2.5;28
BER;202412120830;0.4;77.5;0;3.2;10
BER;202412120840;0.5;78.6;0;2.2;15
BER;202412120850;0.5;79.2;0;2.5;39
BER;202412120900;0.6;79.8;0;3.6;45
BER;202412120910;0.6;78.4;0;2.5;32
BER;202412120920;0.6;77.8;0;3.6;33
BER;202412120930;0.6;76.5;0;2.5;354
BER;202412120940;0.6;75.9;0;2.2;313
BER;202412120950;0.6;77.8;0;2.5;326
BER;202412121000;0.6;76.8;0;2.9;360
BER;202412121010;0.6;76.6;0;3.2;18
BER;202412121020;0.8;78.0;0;3.2;45
BER;202412121030;0.6;76.1;0;2.5;5
BER;202412121040;0.7;76.2;0;3.6;263
BER;202412121050;0.7;76.5;0;1.8;336
BER;202412121100;0.8;77.3;0;1.1;304
BER;202412121110;0.8;77.2;0;3.2;267
BER;202412121120;0.9;77.8;0;2.5;319
BER;202412121130;0.9;77.2;0;2.5;350
BER;202412121140;1.0;77.6;0;3.6;356
BER;202412121150;1.0;77.0;0;4.0;347
BER;202412121200;0.9;76.0;0;4.0;17
BER;202412121210;0.9;75.8;0;4.3;44
BER;202412121220;0.8;75.1;0;3.2;355
BER;202412121230;0.8;75.5;0;3.6;350
BER;202412121240;0.9;75.2;0;4.0;330
BER;202412121250;1.0;75.2;0;4.3;339
BER;202412121300;1.0;76.1;0;4.7;5
BER;202412121310;1.0;76.6;0;4.3;31
BER;202412121320;1.1;77.3;0;3.2;13
BER;202412121330;0.9;75.4;0;3.2;15
BER;202412121340;1.0;76.9;0;6.1;342
BER;202412121350;1.0;77.7;0;2.9;334
BER;202412121400;0.9;75.5;0;3.6;328
BER;202412121410;1.0;75.9;0;4.0;6
BER;202412121420;0.9;75.3;0;4.3;21
BER;202412121430;0.9;74.9;0;2.9;9
BER;202412121440;0.8;75.4;0;5.0;6
BER;202412121450;0.9;77.4;0;5.8;356
BER;202412121500;0.8;76.7;0;4.7;14
BER;202412121510;0.8;78.6;0;5.4;75
BER;202412121520;0.7;76.2;0;4.0;31
BER;202412121530;0.7;76.5;0;2.2;79
BER;202412121540;0.7;76.9;0;2.9;47
BER;202412121550;0.6;76.1;0;2.2;26
BER;202412121600;0.6;77.0;0;3.6;60
BER;202412121610;0.7;76.9;0;4.3;73
BER;202412121620;0.5;77.8;0;4.7;35
BER;202412121630;0.4;78.0;0;6.1;36
BER;202412121640;0.3;77.4;0;5.4;42
BER;202412121650;0.4;77.3;0;4.7;51
BER;202412121700;0.4;79.5;0;3.6;47
BER;202412121710;0.3;78.8;0;4.0;57
BER;202412121720;0.4;77.8;0;4.3;67
BER;202412121730;0.4;76.0;0;3.6;68
BER;202412121740;0.4;77.3;0;2.9;80
BER;202412121750;0.3;81.4;0;2.9;58
BER;202412121800;0.3;80.4;0;2.2;54
BER;202412121810;0.4;77.3;0;4.0;103
BER;202412121820;0.4;77.5;0;4.3;80
BER;202412121830;0.4;77.3;0;5.0;117
BER;202412121840;0.3;78.4;0;5.4;91
BER;202412121850;0.2;79.1;0;1.4;326
BER;202412121900;0.3;79.7;0;3.6;25
BER;202412121910;0.2;79.8;0;3.6;33
BER;202412121920;0.2;78.7;0;2.9;299
BER;202412121930;0.2;80.3;0;3.2;324
BER;202412121940;0.2;81.2;0;2.2;338
BER;202412121950;0.2;79.6;0;2.2;311
BER;202412122000;0.2;79.2;0;2.2;273
BER;202412122010;0.2;79.1;0;1.8;131
BER;202412122020;0.2;78.7;0;0.7;54
BER;202412122030;0.1;83.4;0;2.2;48
BER;202412122040;0.2;79.1;0;2.5;72
BER;202412122050;0.1;79.7;0;2.2;270
BER;202412122100;0.1;81.2;0;2.9;356
BER;202412122110;0.1;80.3;0;1.1;69
BER;202412122120;0.1;80.0;0;1.8;19
BER;202412122130;0.0;80.6;0;1.8;338
BER;202412122140;0.1;80.6;0;2.2;327
BER;202412122150;0.2;80.8;0;3.2;257
BER;202412122200;0.0;80.8;0;2.5;157
BER;202412122210;0.0;79.9;0;4.0;171
BER;202412122220;0.1;80.6;0;4.0;229
BER;202412122230;0.0;80.1;0;4.3;241
BER;202412122240;-0.1;81.5;0;1.4;173
BER;202412122250;0.0;81.6;0;4.7;267
BER;202412122300;-0.1;81.6;0;4.0;245
BER;202412122310;-0.2;80.3;0;3.6;226
BER;202412122320;-0.2;81.0;0;5.0;288
BER;202412122330;-0.2;82.7;0;2.9;314
BER;202412122340;-0.3;83.1;0;3.2;269
BER;202412122350;-0.3;82.0;0;4.3;273
BER;202412130000;-0.5;82.6;0;4.3;299
BER;202412130010;-0.4;82.5;0;3.2;284
BER;202412130020;-0.4;82.1;0;3.2;276
BER;202412130030;-0.4;81.9;0;3.6;303
BER;202412130040;-0.6;82.9;0;2.2;294
BER;202412130050;-0.5;82.8;0;1.4;346
BER;202412130100;-0.6;83.3;0;0.7;328
BER;202412130110;-0.5;82.6;0;1.1;265
BER;202412130120;-0.5;82.9;0;4.0;289
BER;202412130130;-0.5;84.2;0;2.5;284
BER;202412130140;-0.4;84.1;0;5.4;242
BER;202412130150;-0.6;84.6;0;3.6;258
BER;202412130200;-0.5;84.6;0;4.3;241
BER;202412130210;-0.7;85.2;0;3.2;258
BER;202412130220;-0.7;83.9;0;2.5;264
BER;202412130230;-0.6;84.9;0;1.8;222
BER;202412130240;-0.7;85.3;0;1.4;272
BER;202412130250;-0.7;86.5;0;4.0;21
BER;202412130300;-0.7;84.9;0;4.3;43
BER;202412130310;-0.8;83.7;0;4.0;76
BER;202412130320;-0.9;84.9;0;5.0;46
BER;202412130330;-0.8;84.9;0;3.6;19
BER;202412130340;-0.8;86.1;0;2.9;314
BER;202412130350;-0.8;85.1;0;1.8;314
BER;202412130400;-0.9;85.4;0;1.1;312
BER;202412130410;-0.7;83.9;0;1.8;106
BER;202412130420;-0.7;84.6;0;1.1;129
BER;202412130430;-0.7;84.4;0;0.7;34
BER;202412130440;-0.6;85.3;0;3.2;19
BER;202412130450;-0.7;86.4;0;6.1;51
BER;202412130500;-0.7;85.8;0;6.1;22
BER;202412130510;-0.9;87.2;0;6.5;23
BER;202412130520;-0.8;87.3;0;5.8;18
BER;202412130530;-0.9;86.5;0;4.7;22
BER;202412130540;-0.6;85.3;0;4.7;15
BER;202412130550;-0.7;85.6;0;6.1;24
BER;202412130600;-0.7;86.6;0;6.1;22
BER;202412130610;-0.8;87.1;0;5.8;26
BER;202412130620;-0.9;86.5;0;4.7;22
BER;202412130630;-0.8;87.7;0;4.7;23
BER;202412130640;-0.7;86.5;0;4.7;12
BER;202412130650;-0.8;86.5;0;5.8;13
BER;202412130700;-0.8;86.4;0;5.8;16
BER;202412130710;-0.9;86.7;0;7.6;22
BER;202412130720;-0.9;87.9;0;5.8;20
BER;202412130730;-1.0;87.6;0;5.0;29
BER;202412130740;-0.8;87.1;0;6.1;44
BER;202412130750;-0.9;89.1;0;6.1;36
BER;202412130800;-0.9;86.7;0;5.8;35
BER;202412130810;-0.8;87.6;0;3.6;34
BER;202412130820;-0.8;85.1;0;3.6;23
BER;202412130830;-0.7;86.3;0;4.0;353
BER;202412130840;-0.8;85.5;0;4.0;11
BER;202412130850;-0.6;86.3;0;5.8;3
BER;202412130900;-0.5;85.6;0;6.5;358
BER;202412130910;-0.9;86.2;0;6.8;11
BER;202412130920;-0.9;86.3;0;7.9;46
BER;202412130930;-0.8;86.1;0;6.5;44
BER;202412130940;-0.7;86.8;0;4.3;48
BER;202412130950;-0.9;86.5;0;6.1;49
BER;202412131000;-0.8;85.8;0;6.1;43
BER;202412131010;-0.8;85.8;0;6.1;29
BER;202412131020;-0.7;86.0;0;6.8;7
BER;202412131030;-0.8;85.0;0;6.8;356
BER;202412131040;-0.7;85.4;0;6.1;2
BER;202412131050;-0.8;86.1;0;4.7;18
BER;202412131100;-0.6;85.9;0;4.3;12
BER;202412131110;-0.6;85.9;0;4.0;353
BER;202412131120;-0.4;86.1;0;4.3;355
BER;202412131130;-0.3;85.4;0;4.7;3
BER;202412131140;-0.9;86.1;0;6.5;37
BER;202412131150;-0.5;85.7;0;5.8;25
BER;202412131200;-0.6;86.8;0;4.7;52
BER;202412131210;-0.5;86.9;0;5.4;26
BER;202412131220;-0.7;86.9;0;4.7;358
BER;202412131230;-0.6;87.1;0;4.7;300
BER;202412131240;-0.4;85.4;0;2.5;295
BER;202412131250;-0.5;85.6;0;1.8;341
BER;202412131300;-0.4;84.8;0;2.2;320
BER;202412131310;-0.4;85.9;0;1.1;21
BER;202412131320;-0.5;84.4;0;3.2;328
BER;202412131330;-0.3;85.0;0;2.2;305
BER;202412131340;-0.3;85.3;0;4.0;318
BER;202412131350;-0.3;84.9;0;4.7;274
BER;202412131400;-0.3;84.4;0;3.6;277
BER;202412131410;-0.4;87.0;0;5.8;294
BER;202412131420;-0.3;84.3;0;4.3;298
BER;202412131430;-0.3;85.3;0;2.2;353
BER;202412131440;-0.3;84.4;0;2.2;9
BER;202412131450;-0.3;85.8;0;2.5;8
BER;202412131500;-0.5;87.3;0;2.9;16
BER;202412131510;-0.6;87.3;0;4.0;20
BER;202412131520;-0.8;88.7;0;3.6;23
BER;202412131530;-0.6;87.5;0;3.6;30
BER;202412131540;-0.6;89.2;0;4.0;19
BER;202412131550;-0.7;87.7;0;4.7;39
BER;202412131600;-0.7;88.6;0;5.0;50
BER;202412131610;-0.7;88.1;0;4.7;48
BER;202412131620;-0.8;89.2;0;4.7;37
BER;202412131630;-0.9;89.3;0;4.3;28
BER;202412131640;-1.0;90.6;0;5.0;27
BER;202412131650;-1.1;91.2;0;3.6;24
BER;202412131700;-1.0;91.4;0;4.0;7
BER;202412131710;-0.9;90.0;0;4.3;21
BER;202412131720;-0.9;90.1;0;5.4;29
BER;202412131730;-0.9;89.9;0;4.0;34
BER;202412131740;-0.9;91.0;0;4.0;58
BER;202412131750;-0.9;90.4;0;4.0;34
BER;202412131800;-0.9;91.1;0;3.6;42
BER;202412131810;-1.0;91.3;0;2.9;32
BER;202412131820;-0.9;90.1;0;2.9;34
BER;202412131830;-0.9;90.3;0;1.4;69
BER;202412131840;-0.9;91.8;0;0.7;347
BER;202412131850;-0.6;89.6;0;3.2;218
BER;202412131900;-0.9;91.9;0;4.0;309
BER;202412131910;-0.8;91.3;0;4.0;286
BER;202412131920;-0.9;91.8;0;3.2;221
BER;202412131930;-1.1;93.3;0;4.0;272
BER;202412131940;-1.1;92.8;0;4.3;269
BER;202412131950;-1.0;93.3;0;4.7;264
BER;202412132000;-1.2;92.8;0;4.7;256
BER;202412132010;-1.2;94.0;0;2.5;237
BER;202412132020;-1.1;92.9;0;3.2;249
BER;202412132030;-1.2;94.0;0;2.9;271
BER;202412132040;-1.2;93.7;0;4.0;273
BER;202412132050;-1.0;94.1;0;4.3;283
BER;202412132100;-1.1;93.4;0;4.3;272
BER;202412132110;-1.1;93.8;0;4.3;273
BER;202412132120;-1.3;94.6;0;3.6;268
BER;202412132130;-1.3;94.3;0;2.2;261
BER;202412132140;-1.2;94.5;0;3.2;266
BER;202412132150;-1.2;93.3;0;3.6;251
BER;202412132200;-1.2;93.5;0;3.6;249
BER;202412132210;-1.1;93.9;0;2.9;240
BER;202412132220;-1.1;93.6;0;3.6;227
BER;202412132230;-0.9;93.5;0;4.3;232
BER;202412132240;-0.9;93.7;0;4.7;230
BER;202412132250;-1.0;93.5;0;4.3;220
BER;202412132300;-0.9;93.2;0;4.0;205
BER;202412132310;-0.8;92.2;0;4.7;212
BER;202412132320;-0.5;90.5;0;4.7;178
BER;202412132330;-0.4;90.1;0;5.0;173
BER;202412132340;-0.5;91.3;0;5.0;168
BER;202412132350;-0.5;91.5;0;4.3;187

